M=
         6         10          6 
         2          1          4 
         0          6          3 
         1          8          7 
         5          3          7 
Q = 
   0.73855    0.22667   -0.59639 
   0.24618   -0.15716    0.44083 
         0    0.59842   0.024752 
   0.12309    0.66944    0.50764 
   0.61546   -0.34303    0.43781 
R = 
     8.124     10.463     10.586 
         0     10.026     4.8115 
         0          0     4.8774 
Q * R = 
         6         10          6 
         2          1          4 
         0          6          3 
         1          8          7 
         5          3          7 
Q^T * Q =
         1          0          0 
         0          1          0 
         0          0          1 

 |det(M)| = |det(R)| = 397.29
 
M2=
         4          9         10 
         2          0         10 
         8          5          0 
Q2 = 
   0.43644    0.88179     0.1788 
   0.21822   -0.29653    0.92976 
   0.87287   -0.36676   -0.32184 
R2 = 
    9.1652     8.2923     6.5465 
         0     6.1023     5.8526 
         0          0     11.086 
Q2 * R2 = 
         4          9         10 
         2          0         10 
         8          5          0 
Q2^T * Q2 =
         1          0          0 
         0          1          0 
         0          0          1 
b =  29 5 2 
x =  -1.64516 3.03226 0.829032 
M2 * x =  29 5 2 
M2^-1 = 
 -0.080645   0.080645    0.14516 
   0.12903   -0.12903  -0.032258 
  0.016129   0.083871  -0.029032 
M2 * M2^-1 = 
         1          0          0 
         0          1          0 
         0          0          1 
